Anlage
Anlage 3
3

Einnahmen-Ausgaben SBB-Vereinszentrum
|

Geschäftsjahr
1a) Hallenbeitrag Klettern/Sport eigene Sportgruppen
1b) Gebühren indiv. Klettern/Sport eigene Mitglieder

0

2) Einnahmen Wettkämpfe

Einnahmen Ausrüstungsverleih eigene Mitglieder
Raumvermietung an eigene Mitglieder (Kletterclubs)
Raumvermietung an andere gemeinnützige Org. (AO 858 Abs. 4)
Summe Einnahmen
Zweckbetrieb
3) Betreibungskostenanteil Nutzung Schulen/Kindergärten
3) Betreibungskostenanteil Nutzung Vereine
5) Invest./Betreibungskostenzuschuss Bergwacht
6) Gebühreneinnahmen Klettern DAV (nach Förderichtl.)
Summe Einnahmen wGB nach FöRi Stadt/DAV + Bergwacht
7) Gebühreneinnahmen Schnupperklettern Vereinsfremde
Einnahmen Bistro 19%
Einnahmen Ausrüstungsverleih Vereinsfremde
Verpachtung Sponsoring/Werbeeinnahmen
Summe Einnahmen wirtschaftlicher Geschäftsbetrieb sonst.
G
Einnah
Betriebskosten netto
Materialkosten Netto
Personalkosten
s
Betreibungskost
Wareneinsatz Bistro netto
Gesamtsumme A
b

Baujahr|Betriebsjahre

1
24.300
98.946 |
0

|
|

|
|
|
|

|

2
24.300
108.841 |
0

2.887
2.887
1.000
1.000
1.500
1.500
128633|
_138527|
41500
42334
11600
11600
10.000
1.500
1.500
2.142
2.356
56.742
57.791
6.000
6.600
16.500
18.150
2.854
2.854
3.000
12.000
12.120
3.000
37.354
39.724
3.000 | 222.729]
236.042 |
5.000
62.300
63.552
8.700
10.681
43.680
48.528
5.000 | 114.680 | 122.762 |
6.600
7.260
5.000 | 121.280 | 130.022 |

3]
24.300 |
116.459 |
0|

4
24.543
123.505 |
0

5]
24.788|
128.483 |
0

6
25.036
132.363 |
0

7
25.287
135.692 |
0|

2.887 |
2.916
2.945
2.974
3.004
1.000 |
1.010
1.020
1.030
1.041
1.500 |
1.500
1.500 |
1.500
1.500
146146]
153474|
158736]
162904|
166523]
43154
43966
44764
45562
46368
11600
11600
11600
11600
11600
1.500
1.500
1.500
1.500
1.500
2.521
2.674
2.781
2.865
2.938
58.776
59.740
60.646
61.528 |
62.405
7.062
7.489
7.791
8.026 |
8.228
19.421
20.392
21.003
21.423
21.745
2.854
2.882
2.911
2.940
2.970
12.241
12.364
12.487
12.612
12.738
41.578
43.127
44.193
45.002
45.681
246.499 | 256.341 | 263.575 | 269.434 | 274.609 |
64.784
66.002
67.201
68.398
69.607
10.681
10.787
10.895
11.004
11.114
52.445
55.618
57.859
59.606
61.105
127.909 | 132.407 | 135.955 | 139.009 | 141.827 |
7.768
8.157
8.401
8.569
an
135.677 | 140.564 | 144.356 | 147.578 | 150.525 |

8
25.540
138.419 |
0

9
25.795
140.502 |
0

10
26.053
142.617 |
0

11
26.313
144.763|
0|

3.034
3.064
3.095
3.126
1.051
1.062
1.072 |
1.083
1.500
1.500
1.500 |
1.500
169544]
171923]
__174337|
176786]
47180
47999
48834
49686|
11600
11600
11600
11600|
1.500
1.500
1.500
1.500
2.997
3.042
3.087
3.134
63.277
64.141
65.022
65.920
8.394
8.520
8.648
8.778
21.962
22.072
22.182
22.293
2.999
3.029
3.060
3.090
12.866
12.994
13.124
13.255
46.221
46.616
47.014
47.417
279.041 | 2821679 | 286.373 | 290.123]
70.827
72.056
73.310
74.589
11.225
11.338
11.451
11.566
62.334
63.272
64.224
88.953
144.386 | 146.666 | 148.985 | 175.107 |
8.785
8.829
8.873
8.917
153.171 | 155.495 | 157.858 | 184.024 |

12
26.577
146.942 |
0

13]
26.8422]
148.708 |
0

3.157
3.189
1.094
1.105 |
1.500
1.500 |
179269|
181344|
50554
51434
11600
11600
1.500
1.500
3.181
3.219
66.835
67.753
8.910
9.018
22.405
22.449
3.121
3.152
13.388
13.522
47.824
48.141
293.929]
297.239]
75.892
77.213
11.681
11.798
90.290
91.447
177.864 | 180.459 |
8.962
8.980 |
186.826 | 189.438 |

14
27.111
150.496 |
0

15
27.382
152.001
0

3.221
3.253
1.116
1.127
1.500
1.500
183443]
185262
52331
53242
11600
11600
1.500
1.500
3.258
3.291
68.689
69.632
9.126
9.217
22.494
22.494
3.184 |
3.216
13.657 |
13.794
48.461
48.721
300.593 | 303.616 |
78.560
79.927
11.916
12.035
92.620
93.670
183.095 | 185.632
8.998
8.998
192.093 | 194.630 |

16
27.656
153.521 |
0

17
27.932
155.056 |
0

18
28.212
156.606 |

19]
28.494 |
158.172 |

0|

0|

20|
28.779|
159.754 |
0

21
29.066
161.352 |
0

22
29.357 |
162.965 |
0

23]
29.651]
164.595 |
0|

24
29.947
166.241 |
0

25
30.247
167.903
0

3.286
3.318
3.352 |
3.385 |
3.419
3.453
3.488
3.523
3.558
3.593
1.138
1.149
1.161 |
1.173 |
1.184
1.196
1.208 |
1.220
1.232
1.245
1.500
1.500
1.500
1.500 |
1.500
1.500
1.500
1.500
1.500
1.500
187100]
188956]
190830]
192724|
194636]
196567|
198518]
200488|
202478]
204488
54171
55118
56084
57069]
58074
59098
60144
61210
62297
62297
11600
11600
11600
11600|
11600
11600
11600
11600
11600
11600
1.500
1.500
1.500
1.500 |
1.500
1.500
1.500
1.500
1.500
1.500
3.324
3.357
3.390
3.424
3.458
3.493
3.528
3.563
3.599
3.635
70.594
71.575
72.574
73.593
74.632
75.692
76.772
77.873
78.996
79.032
9.309
9.402
9.496
9.591
9.687
9.784
9.882
9.981
10.081
10.181
22.494
22.494
22.4941 |
22.494
22.494
22.494
22.494
22.494 |
22.494
22.494
3.248
3.280
3.313 |
3.346
3.380
3.414
3.448
3.482
3.517
3.552
13.932
14.071
14.212 |
14.354
14.497
14.642
14.789
14.937
15.086
15.237
48.983
49.248 | 49.516
49.786
50.059
50.334
50.613
50.894
51.178
51.465
306.677 | 309,779 | 312.920 | 316.103 | 319.327 | 322.593]
325.902 | 329.255 | 332.652 | 334.985
81.321
82.743
84.193
85.672
87.180
88.719
90.288
91.888
93.521
95.186
12.156
12.277
12.400
12.524 |
12.649
12.776
12.903
13.032
13.163
13.294
94.733
95.808
96.896
97.997 |
99.111 | 100.238 | 101.378 | 102.532 | 103.699 | 104.880
188.210 | 190.828 | 193.489 | 196.193 | 198.940 | 201.732|
204.569 | 207.452 | 210.383 | 213.360
8.998
8.998
8.998
8.998
8.998
8.998
8.998
8.998
8.998
8.998
197.207 | 199.826 | 202.487 | 205.191 | 207.938 | 210.730 | 213.567 | 216.450 | 219.380.|
222.358

Finanzierung SBB-Vereinszentrum Dresden Papiermühlengasse mittels DAV + DD + LSN Förderung
Gesamtkosten Kletterhalle netto
Eigenmittel SBB

2.500.000 davon förderfähig DAV

2.000.000

Zwischenfinanzierung

55.000

250.000

Eigenleistungen

0

Fördermittel Stadt Dresden
Fördermittel Land Sachsen

DAV-Beihilfen

400.000
600.000

150.000

Summe Eigenmittel und Zuschüsse
Finanzierungsbedarf Investition
Finanzierungsbedarf mit Zwischenfinanzierung
Darlehen
DAV - Darlehen 1

1.400.000
1.100.000
1.155.000

44%
46%

Summe€
Zinssatz
Tilgung J.
Tilgungsfr. Annuität€
250.000
3,00%
12
3
20.833

DAV - Darlehen 2

Laufzeit

q

Anteil

15

Kreditanteil
21,6% zins- und tilgungsfrei 3 Jahre, Jahre 11 bis 15: 3,5% Tilgung von Jahr 4 bis 15 in 12 gleichen Teilen, Vergabe mit Rangrücktrittserklärung

9,8%

200.000

3,00%

15

0

13.333

15

7,8%

17,3% Tilgung in 15 gleichen Teilen

Darlehen Stiftung
Annuitätendarlehen Bank
Mitgliederdarlehen 1 (5 Jahre 2%)
Mitgliederdarlehen 2 (10 Jahre 2,5%)
Kreditaufnahme gesamt

15.000
440.000
125.000
125.000
1.155.000

2,50%
4,00%
2,00%
2,50%

1
15
1
1

9
0
4
9

15.000
39.574
125.000
125.000

10
15
5
10

0,6%
17,2%
4,9%
4,9%
45,2%

1,3%
38,1%
10,8%
10,8%
100,0%

Jahr
Geschäftsjahr
Übertrag K
Rohertrag
Abschreibungen
Zinsen

2013
0
2.555.000
-2000 |
0
-26.600

2014

2021

2027
14
6.422
108.500 |
-90.187
-2.851

2028
15
6.878
108.986 |
-90.187
-200

2029
16
76.013
109.470 |
-69.587
0

2030
17
52.488 |
109.952 |
-69.587
0

2032
2031
19
18
129.435 | 206.852 |
110.433 | 110.912 |
-69.587 | -69.587
0
0

-1.940
-1.928
213.954 | 209.956 |
44.000
44.000
-67.995
-66.694
191.260 | 185.961
-75.000
-75.000
-100.000

-1.952
108.132 |
44.000
-69.348
82.784
-75.000

-1.963
108.177 |
44.000
-70.755
81.422
-75.000

-1.974
110.097 |
44.000
-72.219
81.878 |
-75.000

-1.984
113.679 |
44.000
-6.667
151.013 |
-75.000

-1.995
183.488 |
44.000
()
227.488 |
-75.000
-100.000

-2.005
160.435 |
44.000
0
204.435 |
-75.000

-2.048
-2.016 | -2.026] -2.037]
237.852 | 315.738 | 394.090 | 472.905 |
44.000
44.000
44.000
44.000
0
0
0
0
281.852 | 359.738 | 438.090 | 516.905 |
-75.000
-75.000
-75.000 | -75.000
-400.000

737.000

781.000

825.000

869.000

913.000

957.000

1.001.000

1.045.000

1.089.000

172.341
-51.156

78.457
79.066
16.521 | -105.299

77.328
-3.177

76.199
-1.362

75.070
456

6.867
69.135

()
-23.525

0
76.947

0
77.417

0
77.886

145.833 |
4.375
20.833
125.000 |

125.000 |
3.750
20.833
104.167

104.167
3.125
20.833
83.333

83.333
2.917
20.833
62.500

62.500
2.188
20.833
41.667

41.667
1.458
20.833
20.833

20.833
729
20.833
-0

-0
-0
0
0

0
0
0
0

0
0
0
[)

0
0
0
0

0
0
0
0

0
123.097 |
44.000
-67.151
99.946 |
-30.000

0
167.887 |
44.000
-68.221
143.667 |
-50.000

0
196.130]
44.000
-69.333
170.797 |
-50.000

0
0
227.385 | 261.182]
44.000
44.000
-70.490 | -155.443
200.895 | 149.739 |
-50.000
-50.000

429.000

473.000

517.000

561.000

605.000

649.000

693.000

104.178 |
20.644

202.872
-73.095

93.316
39.903

92.135
23.721

90.953
27.131

89.772 |
30.098

250.000 | 250.000 | 250.000 |
0
0
0
0
0
0
250.000 | 250.000 | 250.000 |

250.000 |
7.500
20.833
229.167 |

229.167 |
6.875
20.833
208.333 |

208.333 |
6.250
20.833
187.500 |

187.500 |
5.625
20.833
166.667 |

166.667 |
5.000
20.833
145.833 |

0
73.687|
44.000
-48.686
69.001
-30.000

0
118.095 |
44.000
-49.601
112.495 |
-30.000

0
0
188.417]
160.523]
44.000
44.000
-71.385 | -172.373
60.043
133.139
-30.000
-30.000

253.000

297.000

341.000

385.000

55.241
Kapitaldienst gesamt
Jahressaldo Kasse (ohne Instandhaltungsrücklagen)

77.207
38.241

76.526 |
43.494

Info: Eigenmittel SBB kummuliert

2026
13
7.784
107.800 |
-90.187
-5.444

120.797 |
125.870 |
-90.603
-19.282

759
101.449]
-90.603
-28.521

0
2.526.400
3.000
-28.641
2.500.759
0|

8

-2.500.000

DAV - Darlehen 1

Restschuld
Zins
Tilgung
Restschuld, neu
DAV - Darlehen 2

Restschuld
Zins (Baujahr 50%)
Tilgung (Baujahr 50%)
Restschuld, neu

-2.081
312.106 |
44.000
0
356.106 |
-75.000

-2.093
391.640
44.000
()
435.640
-75.000
-350.000

1.353.000

1.309.000

1.177.000

1.221.000

1.265.000

0
0
78.352 | -321.185

0
79.276

0
79.735

0
0
0
[e)

0
0
0
0

0
0
0
0

0
0
0
0

0
0
0
0

0
0
0
0

1.133.000

0
0
80.190 | -270.466

140.000 |
4.200
13.333
126.667 |

126.667 |
3.800
13.333
113.333 |

113.333 |
3.400
13.333
100.000

100.000
3.000
13.333
86.667

86.667
2.600
13.333
73.333

73.333
2.200
13.333
60.000

60.000
1.800
13.333
46.667

46.667
1.400
13.333
33.333

33.333
1.000
13.333
20.000

20.000
600
13.333
6.667

6.667
200
6.667
0

0
0
0
0

0
0
0
0

0
0
0
0

0
0
0
0

0
0
0
[e)

0
0
0
0

0
0
0
0

0
0
0
0

0
0
0
0

0
0
0
I)

15.000
375
0
15.000

15.000
375
0
15.000

15.000
375
0
15.000

15.000
375
0
15.000

15.000
375
0
15.000

15.000
375
[0]
15.000

15.000
375
0
15.000

15.000
375
0
15.000

15.000
375
0
15.000

15.000
375
15.000
0

0
0
0
0

0
0
0
[e)

0
0
0
0

0
0
0
0

0
0
0
0

0
0
0
0

0
0
0
0

0
0
0
0

0
0
0
0

0
0
0
0

0
0
0
0

0
0
0
0

0
0
0
0

0
0
{0}
0

0
0
0
0

0
0
0
0

109.822
4.393
35.181
74.640

74.640
2.986
36.588
38.052

38.052
1.522
38.052
0

0
0
0
0

0
0
0
0

0
0
0
0

0
0
0
0

0
0
0
0

0
0
0
0

0
0
0
0

0
0
0
0

0
0
0
0

0
{0}
0
0

0
0
0
0

0
0

0
0

0
0

0
0

0
0

0
0

0
0

0
0

0
0

0
{0}

0
0

0
0

[0]
0

0
0

440.000 | 418.026 | 395.173)
15.807
16.721
17.600
23.767
22.853
21.974
371.406 |
418.026 | 395.173|

294.246 | 266.442 | 237.526 |
371.406 | 346.688 | 320.981
9.501
10.658
11.770
12.839
13.868
14.856
30.073
28.916
27.804
26.735
25.707
24.718
294.246 | 266.442 | 237.526 | 207.453 |
346.688 | 320.981

125.000 |
2.500

125.000 |
2.500

118.750 |
2.375

207.453 |
8.298
31.276
176.177 |

176.177
7.047
32.527
143.650 |

143.650 |
5.746
33.828
109.822

6.250

106.250

Restschuld
Zins
Tilgung (5% Sondertilgung ab Betriebsjahr 1)

125.000 |
3.125
0

125.000 |
3.125
6.250

118.750 |
2.969
6.250

112.500 |
2.813
6.250

Restschuld, neu

125.000

118.750

112.50

0

0

0

0

0

0

0

0

0

0

0

0

0

0

0

0

0

0

0

0

0

[e)

0

0

0

0

0

0

0

0

0

0

0

[0

0

0

81.250
2.031

75.000
1.875

0
0
0
0

0
0
0
0

0
0
0
0

0
0
0}
0

0
0
0
0

0
0
0
0

0
0
0
0

0
0
0
0

0
0
0
0

0
0
0
0

0
0
0
0

0
0
0
0

0
0
0
0

0
0
0
0

0
0
0
0

0
0
0
0

0

0

0

0

93.750
2.344

87.500
2.188

106.250

0

0

0
100.000
2.500

ı

6.250

112.500 |

0

0
0

0
0

0
0

0
0

106.250
2.125

{0}
0

0
0

0
0

112.500 |
2.250

6.250

Mitgliederdarlehen 2 (10 Jahre 2,5%)

ZinN:

-2.070
231.916 |
44.000
0)
275.916 |
-75.000

153.333 |
4.600
13.333
140.000 |

118.750 |

Restschuld, neu

-2.059
152.181)
44.000
0
196.181
-75.000

166.667 |
5.000
13.333
153.333 |

125.000 |

Tilgung (5% Sondertilgung ab Betriebsjahr 1)

2038
2037
25
24
200.916 | 281.106
113.272 | 112.627
-93.337
-72.920
0
)

180.000 |
5.400
13.333
166.667 |

Mitgliederdarlehen 1 (5 Jahre 2%)

Restschuld
Zins

2036
23
121.181
112.805 |
-72.920
0

193.333 |
5.800
13.333
180.000 |

Annuitätendarlehen Bank

Restschuld
Zinsanteil
Tilgung
Restschuld, neu

2035
22
41.905 |
112.335 |
-72.920
0

200.000 |
3.000
6.667
193.333 |

Darlehen Stiftung

Restschuld
Zins
Tilgung
Restschuld, neu

2034
21
363.090
111.863 |
-72.920
0

2025
12
10.961
107.103 |
-90.187
-7.980

2023
10
99.739 |
128.515|
-84.353
-12.372

2020
7
93.667 |
124.084 |
-90.603
-21.620

1

2033
20
284.738 |
111.389 |
-69.587
[)

2024
11
116.260
106.098 |
-90.187
-10.463

2022
9
150.895
127.185]
-84.353
-16.898

2019
6
69.946
121.855 |
-90.603
-23.914

2016
3
82.495 |
110.822]
-90.603
-32.794

Steuern wGB
Kassenbestand vor Tilgung
Eigenmittel SBB für Tilgung
Tilgung
d nach Tilgung
b
K
Instandhaltungsrücklage
Investitionen

tilgungsfrei, Neuverhandlung Zinssatz/kündbar nach je 5 Jahren
Annuitätendarlehen, (Baugeldfinanzierung)
Komplettilgung im Jahr 5
Komplettilgung im Jahr 10

2018
5
30.043
119.218 |
-90.603
-26.164

2017
4
103.139
115.777 |
-90.603
-30.499

2015
2
39.001
106.020]
-90.603
-26.926

bestand Vorjahr

1,04

106.250 |
2.656
6.250

