Anlage 2

Übernachtungszahlen in Dresden im Dezember in den Jahren 2001 bis 2012
Monat

Jahr
2001
2002

Dezember

Ankünfte
96.794
79.295

| VelVJ% |
4,5
-18,6

‚Übernachtungen
204.504
163.815

| VelVJ %
-2,2
-20,1

Tage
2,1
2,1

2003

103.201

30,4

209.856

28,3

2,0

2004

117.444

2005

135.304

13,8
15,2

240.578
282.126

14,6
17,3

2,0
2,1

2006

139.253

2,9

292.622

3,7

2,1

2007

127.051

-8,8

270.966

-7,4

2,1

2008
2009

135.614
152.768

6,7
12,6

279.894
309,314

3,3
10,5

2,1
2,0

2010

158.931

4,0

319.196

3,3

2,0

2011
2012

180.842
199.835

13,8
10,5

353.365
410.783

11,3
15,6

2,0
2,1

Quelle: Dresdner Marketing GmbH

