Anlage 3

Übernachtungszahlen in Dresden im Dezember in den Jahren 2001 bis 2014
Monat

Dezember

Jahr

Ankünfte

2001
2002
2003

96.794
79.295
103.201

| VelVJ%

Tage

4,5
-18,6
30,4

204.504
163.815
209.856

-2,2
-20,1
28,3

2,1
2,1
2,0

2004

117:444

2005
2006
2007
2008

135.304
139.253:
127.051
135.614

13,8

240.578.

14,6

2,0

152.768

15,2
2,9
-8,8
6,7

12,6

282.126
292.622
270.966
279.894

309.314

17,3
3,7
-7,4
3,3

10,5

2,1
2,1
2,1
2,1

2010

2011

158.931

180.842

4,0

319.196

3,3

2,0

13;8:

. 355.365

11,3

2,0

2012
2013

199.835
210.095

10,5
5,1

410.783
415.281

15,6
1,1

2,1
2,0

2014

224.065

6,6

448.185

7,9

2,0

2009

VgeıVJ% |

Übernachtungen

|.

2,0

Quelle: Dresdner Marketing GmbH

